3 5 2020 4 2
3 2 2020 4 3
3 1 2020 4 3
2 30 2020 4 3
3 4 2020 4 3
2 34 2020 4 3
1 6 2020 4 3
2 50 2020 4 4
1 6 2020 4 5
1 7 2020 4 5
3 4 2020 4 5
1 7 2020 4 5
3 3 2020 4 6
3 5 2020 4 7
1 6 2020 4 7
1 8 2020 4 7
3 5 2020 4 8
2 21 2020 4 8
2 38 2020 4 8
2 18 2020 4 8
2 40 2020 4 8
1 7 2020 4 9
2 38 2020 4 9
3 2 2020 4 10
1 6 2020 4 10
2 46 2020 4 11
3 3 2020 4 11
2 38 2020 4 11
3 1 2020 4 12
1 5 2020 4 12
1 4 2020 4 12
2 31 2020 4 12
3 1 2020 4 12
1 5 2020 4 13
1 2 2020 4 13
1 8 2020 4 14
2 20 2020 4 15
2 39 2020 4 15
2 36 2020 4 15
1 8 2020 4 16
3 3 2020 4 16
1 5 2020 4 16
1 3 2020 4 17
3 4 2020 4 17
1 2 2020 4 18
3 5 2020 4 18
1 7 2020 4 18
2 42 2020 4 18
3 3 2020 4 19
2 4 2020 4 20
1 5 2020 4 20
1 4 2020 4 21
2 2 2020 4 22
3 4 2020 4 22
1 4 2020 4 22
3 3 2020 4 22
2 17 2020 4 22
3 1 2020 4 23
3 4 2020 4 23
2 44 2020 4 23
3 5 2020 4 24
1 3 2020 4 24
3 4 2020 4 24
1 8 2020 4 25
1 6 2020 4 25
1 1 2020 4 25
3 1 2020 4 25
1 2 2020 4 25
3 4 2020 4 25
1 6 2020 4 25
3 2 2020 4 25
3 5 2020 4 26
3 1 2020 4 27
1 6 2020 4 27
2 30 2020 4 28
2 24 2020 4 29
1 2 2020 4 30
2 15 2020 4 30
1 8 2020 5 1
1 5 2020 5 2
2 3 2020 5 2
2 22 2020 5 2
2 14 2020 5 3
3 5 2020 5 3
2 32 2020 5 3
2 45 2020 5 3
3 4 2020 5 4
1 2 2020 5 4
2 2 2020 5 5
2 34 2020 5 6
3 2 2020 5 7
3 3 2020 5 8
2 41 2020 5 8
3 3 2020 5 9
1 3 2020 5 9
1 1 2020 5 9
3 3 2020 5 9
1 6 2020 5 10
2 21 2020 5 10
2 49 2020 5 11
-1
